(1)282326539065
(2)272489623551
(3)282330617614
(4)272724636302
(5)272680129818
(6)282148701901
(7)282536209488
(8)272394267928
(9)282421848000
(10)272621532459
(11)272757289879
(12)272719977316
(13)282295059770
(14)282295062064
(15)282295062277
(16)272489628822
(17)282536212047
(18)282536212653
(19)272728160372
(20)272642072733
(21)272643967212
(21)282563791970
(22)
(23)
(24)
(25)
(26)
(27)
(28)
(29)
(22)
(22)
(22)
(22)
http://www.ebay.com.au/itm/Anti-ageing-Wrinkle-Freeze-BEST-Instant-Facelift-Serum-Instant-Results-/282404802699?
(22)